2 -391.32549 -48.60435 293.33290
4 -343.03598 -29.57910 248.37970
1 -364.26301 -53.17770 206.67112
5 -335.30300 -42.51255 266.52022
9 -310.15881 -83.69720 210.79291
4 -311.38057 -26.97808 271.99993
16 -388.53628 -20.69919 227.93296
4 -352.17321 -77.23051 293.35944
0 -321.06295 -56.18551 205.81081
0 -364.77553 -80.32594 220.44647
13 -384.22588 -27.00079 204.42064
5 -378.90536 -25.88529 232.98145
5 -313.20461 -12.77743 272.52782
20 -334.81783 -76.19409 250.50075
1 -308.34225 -17.98024 218.67097
2 -361.85843 -82.74699 251.29198
0 -324.27942 -65.19608 280.82100
7 -389.42072 -16.94352 260.63684
5 -347.40195 -52.10307 242.65413
12 -326.39673 -7.80887 245.55671
12 -330.85512 -88.52960 217.31049
0 -331.02245 -91.06909 288.14699
18 -320.43973 -41.23812 233.02905
15 -379.36836 -85.93717 229.00477
2 -378.68750 -27.27206 217.20174
1 -340.17954 -41.76305 213.95349
11 -330.01767 -38.96685 289.92588
9 -360.34797 -14.86955 240.84420
2 -384.85433 -87.87019 292.33192
13 -349.69427 -66.19393 219.48243
5 -351.79592 -11.32535 264.43785
14 -377.94007 -14.22803 372.70811
4 -328.69877 -25.11789 378.26338
3 -311.61072 -88.02151 308.02139
6 -316.17888 -87.42230 391.41397
12 -323.04364 -30.26633 334.35552
2 -378.99779 -60.32266 311.15941
2 -368.19369 -38.59157 366.89960
2 -324.89738 -13.07989 391.85713
20 -310.05641 -81.48259 364.95795
6 -362.21198 -24.29833 321.14734
8 -389.28422 -78.65647 378.69246
1 -332.09894 -85.60214 329.42579
14 -339.46023 -16.21215 333.56120
0 -309.14325 -40.47093 396.75942
11 -316.69070 -41.75379 312.04582
0 -369.59300 -1.55423 320.98412
2 -317.28203 -45.17706 352.95050
19 -379.63589 -37.38003 324.89134
2 -337.80770 -67.29292 315.43222
0 -375.24053 -91.65344 322.83463
0 -308.02981 -67.14620 320.83461
0 -316.49848 -91.47360 344.49179
15 -371.04008 -53.94933 371.28144
4 -316.95541 -53.65642 380.60199
5 -310.58344 -77.70195 396.15349
14 -328.35295 -8.26291 354.16432
13 -353.81880 -86.31694 303.59414
2 -314.24118 -3.01249 318.04600
13 -326.41737 -39.43153 380.26328
4 -325.36547 -70.38837 355.74597
3 -390.82215 -55.10021 336.83426
4 -363.98013 -28.11643 344.60692
11 -338.43279 -35.72978 327.40721
5 -309.32423 -55.33039 390.16939
9 -388.21075 -15.54616 339.59401
4 -347.15877 -84.91817 344.62389
1 -371.90124 41.99632 270.73803
13 -333.42132 81.17533 273.65477
1 -328.23901 40.33947 277.95125
11 -352.33761 52.92011 282.68845
8 -365.90792 35.25709 229.07979
2 -306.64031 39.90283 229.49676
5 -377.20518 93.72524 217.08737
3 -351.67843 63.67558 256.74919
0 -386.14946 7.84818 213.47275
6 -390.48323 34.83177 209.76047
5 -333.95508 82.19332 246.67750
9 -385.58238 90.27845 240.38199
9 -314.23233 92.93781 247.58083
3 -384.24873 29.96120 265.16902
5 -365.97273 31.47202 292.65840
6 -381.97967 87.25643 277.11507
0 -353.54443 75.38445 217.18492
1 -334.90209 4.19166 209.02824
0 -336.72844 69.27035 263.78741
0 -395.52224 51.60795 298.10085
15 -357.88301 27.74541 252.79595
4 -325.07572 14.61498 229.86598
1 -382.53125 75.81566 231.73824
12 -311.82161 64.04631 258.36582
2 -309.67526 44.07158 295.98541
0 -343.17047 4.16584 259.71293
5 -393.14258 92.78587 269.51677
10 -365.62074 56.88865 261.72040
3 -338.64092 85.87931 291.80390
5 -380.78756 45.44768 233.42267
1 -310.00624 80.13103 241.42811
7 -373.76907 74.41863 253.10510
3 -302.58034 54.71937 209.01995
0 -357.30363 24.41662 204.19682
5 -364.40658 43.26683 291.27195
5 -343.94795 52.98978 293.41128
1 -304.22873 68.94282 277.69863
1 -307.74175 8.75352 226.25802
0 -360.98752 58.12625 270.36460
11 -345.70306 60.40295 271.52959
6 -318.30547 16.43101 290.84442
9 -381.81311 21.51594 233.61855
0 -360.05621 57.10065 221.29564
0 -311.86066 83.64206 272.26893
5 -382.79091 57.73661 254.64343
4 -392.55719 5.62208 288.57085
4 -303.05106 50.87760 249.44385
4 -351.68818 43.05955 241.43325
1 -328.02240 79.35488 203.56463
1 -345.35469 69.12176 249.97689
3 -379.15767 26.02923 203.22303
6 -374.05534 47.42152 213.60308
3 -376.24825 77.88149 212.42059
9 -380.26231 24.47165 291.49015
0 -315.81126 54.69384 349.71354
18 -388.47208 70.62329 323.93744
13 -352.48168 58.36701 389.13621
5 -349.58101 49.95239 319.05301
4 -336.35330 9.37386 345.06320
14 -354.10856 89.58902 319.81173
15 -318.86366 80.70181 371.50201
0 -372.34969 11.30834 368.55997
1 -317.61234 26.74448 372.90365
7 -313.02776 25.05287 307.75025
2 -378.19365 93.18539 357.01553
8 -365.02832 18.38925 310.41369
9 -305.43832 49.35426 371.80275
14 -368.35232 41.29210 370.61131
4 -311.49413 92.34434 329.82128
2 -329.72464 85.19039 321.49727
0 -343.84325 49.00041 339.38655
12 -325.61994 6.92724 380.92455
4 -376.70921 69.48221 347.59154
7 -313.20764 54.43904 346.47136
8 -341.10362 29.89754 351.33258
3 -387.16158 7.79865 375.62646
8 -318.77113 58.04689 324.85484
7 -305.89027 50.51823 358.29814
12 -389.24085 47.19757 329.05024
3 -320.24274 74.42742 342.88995
1 -379.71054 55.16921 306.97085
6 -351.73198 68.68907 359.89891
5 -349.91999 87.55516 380.88743
9 -377.67176 91.29495 316.82716
2 -329.02606 65.31681 335.26246
4 -303.51035 73.56971 353.16660
11 -355.67464 44.59696 391.64092
2 -310.07127 7.24816 324.28622
3 -356.01767 54.12739 307.17307
2 -373.60346 5.06900 313.89406
3 -327.11943 25.44555 339.40724
2 -344.30103 31.36346 376.18458
14 -389.01834 34.40231 386.60616
1 -393.81881 89.25390 377.84059
2 -373.75957 13.10736 348.46531
11 -305.36714 39.58251 319.38167
3 -311.80308 11.29487 354.81779
0 -353.52914 74.37053 305.51261
1 -314.25441 69.12715 348.20140
1 -328.89545 81.56361 391.03184
0 -319.97879 1.37033 392.63676
13 -304.17089 72.47590 378.85632
5 -315.96975 39.99452 393.90429
7 -337.03427 42.29555 343.85928
0 -346.48650 1.05063 322.64020
10 -332.19358 28.06606 353.82023
3 -303.49874 46.80249 348.20874
7 -349.12713 28.48214 334.34935
5 -222.91165 -40.51269 206.98470
7 -259.13129 -79.29029 283.67827
3 -229.73351 -9.66753 291.42495
2 -267.23888 -63.92060 238.55642
2 -237.05428 -92.32003 224.46472
17 -282.35237 -12.83850 209.87575
4 -202.75495 -81.88686 294.56706
8 -249.89808 -18.86544 255.73370
0 -201.87036 -2.59133 204.95512
7 -231.18192 -17.07167 222.28419
2 -216.30403 -58.77448 239.42099
30 -219.42226 -77.05946 213.83187
2 -240.46719 -76.90205 209.19703
14 -238.42940 -14.33320 209.30996
2 -203.02872 -40.94227 294.51583
1 -291.43731 -29.65701 264.70714
6 -279.07862 -94.36559 271.54688
1 -213.64182 -93.51313 283.70773
8 -259.48003 -73.69271 216.65500
8 -254.86014 -61.40985 268.38850
4 -252.31836 -24.70017 224.66617
2 -233.49694 -51.81705 277.21153
13 -205.90111 -8.41637 279.33886
1 -294.26134 -7.53827 240.13456
14 -228.12781 -40.23540 263.44785
3 -226.84656 -6.19099 260.54621
6 -214.84731 -92.87294 227.06131
10 -220.52996 -70.02148 232.18936
0 -238.62242 -21.87735 291.35262
2 -225.64934 -47.18298 233.31766
0 -232.90058 -91.03526 205.63275
2 -294.55794 -95.48476 208.97122
0 -276.24802 -47.42092 254.87648
1 -294.14044 -15.53231 289.89968
1 -289.03063 -58.24646 217.95424
21 -206.93006 -14.89350 210.48600
6 -217.05796 -23.58809 291.99879
4 -262.74487 -43.56313 221.70365
6 -228.41825 -53.04780 235.28128
19 -226.78658 -25.35355 222.27055
19 -222.72495 -12.76176 273.00029
0 -222.55460 -96.41495 261.07426
5 -242.74630 -94.28958 282.80992
16 -223.24953 -41.01931 210.42265
3 -250.40208 -7.50381 210.20503
0 -250.33962 -60.32803 294.64893
0 -260.12486 -5.09760 233.02346
12 -263.30191 -88.29293 269.83380
19 -250.51895 -83.41798 251.49564
0 -288.39031 -43.68762 210.26573
0 -251.68509 -83.30232 228.47669
1 -205.56128 -56.77350 291.14606
2 -226.56444 -74.76265 267.50619
1 -203.18112 -15.00115 247.07272
14 -225.74928 -27.54300 282.22466
7 -212.36932 -70.07063 292.56091
4 -293.90587 -17.41325 224.95490
11 -263.70831 -14.48625 206.67491
2 -295.38696 -59.25911 251.95840
5 -289.32230 -64.06632 269.26985
12 -248.61358 -62.97708 212.72627
5 -224.28474 -3.34433 210.65516
9 -206.68458 -54.64758 216.11403
3 -278.98845 -29.45705 246.72846
13 -221.60801 -18.12410 254.07019
3 -229.42743 -55.36469 230.71166
1 -244.33486 -31.23086 284.91565
11 -277.06417 -64.51527 215.11691
3 -283.50085 -56.84693 292.50902
1 -263.33869 -2.39054 205.47807
7 -217.88555 -5.62521 279.60805
3 -218.55839 -62.79091 258.43008
0 -279.76089 -78.30829 282.49874
7 -218.62182 -82.53940 288.49612
0 -261.67711 -21.28545 286.78170
9 -296.41602 -47.19641 205.11766
8 -269.68001 -9.80924 247.25666
3 -229.81454 -75.87668 202.40391
11 -217.01557 -48.19856 369.72819
2 -276.86614 -30.37677 322.10533
3 -285.04391 -79.32165 365.93031
4 -228.85381 -55.14550 333.48842
10 -214.72608 -16.59736 394.98248
10 -227.42502 -3.98370 367.78269
8 -221.79556 -15.55192 308.82347
13 -256.32522 -65.74329 321.27436
17 -204.85861 -74.94640 350.79452
9 -267.56080 -44.15431 390.43275
14 -208.46711 -10.89350 355.96204
1 -203.31958 -43.71146 305.96759
0 -289.05098 -82.14988 393.37229
0 -228.11353 -89.48056 384.80142
0 -272.49931 -15.96154 322.20571
5 -245.89424 -87.34317 331.52725
6 -229.94530 -23.98761 369.12219
9 -252.32091 -11.24431 369.43792
0 -278.82538 -46.10642 353.05905
3 -264.76118 -78.25396 387.39779
1 -261.56107 -55.20319 365.69400
6 -205.62736 -60.31782 310.83543
9 -250.21102 -52.53164 307.92458
7 -204.75208 -50.78954 395.25420
0 -244.45967 -96.84112 348.27368
0 -218.07491 -10.30303 331.23343
0 -297.84167 -36.02992 350.54287
15 -244.04503 -35.13266 360.33170
4 -244.78657 -5.43934 308.70286
3 -242.69454 -77.09368 385.04426
8 -289.69366 -96.26257 373.28936
10 -216.40398 -63.83192 307.43719
2 -212.87137 -61.92433 361.15508
1 -283.78556 -88.60533 320.16420
2 -251.12603 -21.71647 308.42604
10 -227.03016 -69.13781 357.09145
0 -294.57308 -45.14598 391.48632
5 -207.57832 -12.66988 385.19804
4 -229.23862 -92.78640 351.14901
10 -293.51648 -7.65631 312.26885
8 -213.08864 -63.72097 335.02843
12 -279.77719 -61.24892 346.28736
12 -251.97335 -22.74683 387.12957
8 -265.88087 -44.67209 366.37266
2 -202.77318 -17.21686 317.74990
0 -260.01216 -70.19973 342.74306
15 -237.72525 -46.65467 373.06989
0 -214.17867 -29.50308 363.81068
16 -261.85757 -47.51910 312.73283
2 -242.62557 -38.91661 353.22863
7 -219.00181 -31.21630 380.94863
4 -206.00208 -12.35126 347.52084
3 -255.70807 -10.00576 355.80676
3 -220.30032 -82.42968 305.79169
13 -253.26213 -69.48089 370.77827
6 -256.51529 -78.83261 323.91339
5 -246.35691 -92.98649 358.20765
1 -242.09747 -73.22837 314.74449
5 -209.96361 -89.92480 340.51622
14 -289.89425 -34.14533 316.95196
9 -214.08761 18.46551 206.59140
1 -251.60971 89.09850 251.79732
16 -230.80117 49.91768 204.53827
3 -282.04488 32.63149 252.92982
24 -247.69788 89.85988 224.85342
5 -252.29916 22.37687 281.89430
12 -254.21654 58.43586 202.05337
13 -290.39008 54.61383 246.23915
4 -223.41849 58.27316 277.72420
0 -207.44731 70.29118 224.38856
4 -209.19433 37.06605 235.02936
9 -203.48342 10.57212 267.38126
2 -267.54589 13.90696 204.72734
4 -274.33018 82.47567 223.20822
2 -280.52389 47.43958 225.15486
18 -234.78042 53.66490 212.09044
2 -229.38729 94.90227 212.17973
9 -280.56276 95.23003 293.99407
4 -250.48114 38.85438 205.79465
4 -217.14964 23.62254 286.30658
8 -262.12761 28.55852 274.55316
10 -276.64264 6.00863 231.84535
0 -248.06411 98.12744 240.30037
13 -267.72913 76.59334 210.45733
6 -266.66906 53.47066 261.87843
2 -295.67280 87.78534 239.15631
6 -227.90565 52.07243 220.24609
0 -239.94346 94.58503 287.74772
25 -218.10187 6.28393 210.54392
6 -221.97291 23.50527 276.84019
10 -241.73028 69.15759 279.59785
14 -246.28409 51.56596 220.31428
1 -204.39093 1.84000 217.43666
3 -286.51719 29.75745 207.66217
15 -224.38318 78.61145 210.66135
7 -219.89116 78.78524 230.67132
11 -204.98578 37.26307 264.31646
8 -273.33139 10.35426 255.16954
5 -233.56987 87.77823 282.88581
2 -214.90421 49.07586 227.62800
3 -295.49309 50.90151 210.51490
14 -213.31451 4.49164 245.26875
1 -233.63908 65.18359 250.58589
0 -228.61143 2.42089 279.25702
1 -259.24076 65.92337 217.35160
3 -257.96364 76.42009 268.16590
1 -294.21347 56.99741 272.25722
1 -236.53848 28.71915 207.79437
4 -255.05455 37.48071 222.87614
2 -276.59216 40.24891 273.64646
18 -230.71055 61.76802 226.09769
10 -257.89201 13.88342 226.26715
4 -227.30597 87.64868 247.39831
4 -250.56111 50.93882 282.35011
16 -240.17089 50.07553 206.54681
0 -264.84408 49.10279 240.00650
6 -239.34862 36.39332 227.68326
2 -278.76783 34.05643 295.75387
7 -280.46655 88.14449 237.51486
10 -271.88098 84.59045 279.87771
7 -267.22993 90.11733 228.31996
9 -241.49886 93.62858 263.78667
11 -215.81154 36.72011 208.15638
1 -255.93759 97.39571 275.83829
4 -209.94125 13.59441 229.00029
4 -209.78820 60.22220 247.11248
32 -260.49941 48.16023 359.72841
14 -217.90684 26.52075 332.95510
5 -296.22238 75.71666 348.03044
6 -224.59934 34.49869 359.38608
6 -290.14507 3.69986 315.99223
1 -217.37615 70.11707 304.42364
5 -296.62404 44.45408 336.16434
10 -231.31966 5.87668 364.15167
13 -257.99585 67.40806 363.27623
6 -249.27577 76.32587 351.30483
2 -282.04546 14.29448 363.59407
24 -261.59711 43.26435 312.40755
4 -282.51194 59.59462 346.71258
3 -292.85751 93.04094 321.66428
8 -220.63104 6.97365 392.40843
2 -212.25122 83.21464 353.59044
7 -229.09129 12.59609 343.30349
1 -249.33528 51.32545 394.21662
10 -210.94362 40.84737 323.63157
0 -253.60392 50.28701 382.43580
3 -243.23167 50.36587 325.05152
2 -266.13318 7.63590 307.15946
16 -284.38744 63.07020 383.86318
9 -244.02659 12.04577 323.83190
3 -298.40507 77.26222 376.31684
11 -252.50520 40.53894 345.13605
4 -268.08896 87.13783 312.79088
4 -251.92133 92.30464 351.63778
5 -291.96813 48.96146 350.29869
26 -228.19109 27.70290 316.64910
2 -249.54051 22.28108 366.34535
2 -285.18363 27.91089 317.29187
2 -243.41346 75.13846 320.15648
0 -213.75970 51.60891 360.39731
35 -234.31631 29.75923 385.47381
