8 -222.39541 -0.06500 211.33471
11 -301.74704 76.20228 365.61718
3 -294.40362 -42.85168 319.92874
4 -387.56082 -24.16308 226.72599
3 -296.91402 61.02705 268.55517
8 -215.16047 -15.97254 394.76823
0 -261.27814 -66.32101 239.20012
28 -247.62243 89.66167 225.01605
3 -344.74878 21.70638 337.95780
9 -244.05373 11.90847 323.38057
5 -359.52568 59.12404 260.46210
3 -237.89635 -45.29897 365.10373
1 -226.59195 -51.66612 295.52135
4 -390.44733 -51.05647 349.26777
12 -243.96411 51.93089 216.70480
6 -327.22278 -61.68422 212.20734
9 -296.92706 -4.79288 241.06857
10 -334.50790 -21.21262 390.02856
22 -356.23658 -88.16422 297.52803
10 -254.09071 44.48443 359.21407
7 -353.85564 92.99257 322.25080
6 -304.00142 -88.95634 366.80716
2 -377.56746 37.44856 231.42404
0 -240.61347 -76.91938 221.27267
11 -221.47053 21.97598 276.72243
8 -314.16755 -13.18868 272.05373
6 -260.99656 60.13819 360.93973
2 -243.64392 -82.51271 305.81016
11 -325.05633 59.28270 336.85937
6 -328.05253 -6.20222 351.48154
3 -222.09619 -7.07441 276.05257
6 -241.54080 93.99553 262.74845
3 -329.47381 31.51328 378.96573
2 -365.10722 72.09792 223.14195
8 -353.80373 -47.85603 244.54467
3 -285.14627 27.69056 317.48113
23 -251.29888 -53.04493 309.35274
16 -255.29603 -30.82248 223.36818
15 -234.68277 5.89551 366.19917
7 -216.44017 31.21939 330.00610
20 -223.69858 -41.00526 207.24719
1 -364.34635 -27.87913 343.32010
0 -336.26100 69.32912 263.58170
4 -289.62090 96.11630 249.69332
10 -214.10530 -68.61710 303.29731
2 -288.22321 -57.44909 218.00004
3 -311.13990 -53.91546 384.16856
3 -281.70154 -11.47263 207.84265
4 -209.74291 60.30781 247.08164
4 -206.04086 -12.31440 347.59869
7 -296.52409 46.26035 228.33655
0 -206.59942 -70.65715 364.18554
2 -249.43292 48.36822 280.43904
4 -237.94992 89.45853 350.68056
6 -228.29406 -53.06014 234.98243
7 -253.14181 -81.47088 390.17392
3 -349.62890 -25.17114 244.07199
9 -391.36008 2.31166 286.75834
5 -291.45294 96.10069 307.79927
11 -257.97783 -7.91655 310.16870
0 -386.30731 59.72353 316.48058
9 -212.52735 84.81490 226.30803
11 -384.93928 -27.32017 204.25164
4 -280.07782 33.37555 251.50550
7 -357.04316 -86.81888 224.29370
2 -338.05140 -54.17185 294.65757
15 -263.74329 -87.29021 268.92604
6 -375.64372 31.03310 203.15703
6 -349.78884 70.88440 358.41117
8 -342.32197 53.46734 292.12527
4 -349.42380 59.11249 392.90573
5 -311.47896 29.17708 308.65572
30 -252.49639 -12.70370 367.32947
25 -262.92182 71.03610 213.61646
15 -289.04929 -10.04535 312.89392
9 -310.61111 51.94852 348.12118
0 -379.60623 46.98026 341.50757
6 -213.98456 -1.75151 248.03572
9 -373.78963 -60.29176 314.35197
15 -205.24903 -75.79201 346.11244
4 -260.01012 17.08656 228.96937
2 -243.88313 51.24041 326.17838
3 -288.60110 -27.75306 264.46231
5 -367.73587 40.91977 294.69647
9 -241.52054 -27.68564 289.04635
10 -227.83952 52.69195 220.14262
13 -216.00153 -95.89215 239.12983
3 -309.22315 -83.45308 210.24499
4 -320.43329 -33.79489 330.90329
10 -221.25588 -13.95657 306.49567
5 -279.47008 -44.84409 334.03919
23 -213.01452 -93.35528 283.60127
5 -392.90961 92.52084 269.32484
1 -321.53279 -71.80013 350.77327
1 -251.33175 84.89323 355.98706
6 -281.60127 -63.60631 345.42125
14 -205.88275 -13.00164 209.94444
0 -392.55831 91.94770 376.63824
25 -231.14060 49.20665 203.76332
14 -240.43798 -14.16253 209.42558
8 -320.40861 88.38395 364.64503
8 -335.68257 -37.86712 259.25711
13 -316.11986 56.81129 317.59229
0 -323.94563 83.61211 265.10312
14 -235.72923 -93.25378 353.02439
0 -339.66158 -90.98444 266.05294
0 -395.40769 -47.59342 240.60977
16 -242.24641 -36.75388 356.61074
6 -230.40344 -23.88433 214.89434
11 -335.49610 43.04558 344.05984
0 -265.99029 48.37309 232.51598
9 -257.89407 -74.64390 215.77827
7 -327.79073 -5.29013 249.83867
2 -311.84746 -68.21568 395.93355
5 -270.41955 -3.14752 246.03685
2 -226.48716 35.77576 391.63955
4 -314.66825 39.35855 395.29494
16 -338.36866 -16.36194 333.69223
3 -380.99480 9.42764 373.88593
8 -220.00364 65.77589 295.17797
2 -372.70050 36.97430 373.48519
5 -228.50600 95.19981 214.14775
9 -212.68541 10.78342 209.49440
12 -253.32961 24.09889 366.42972
1 -257.64356 34.22494 344.94271
0 -285.68680 -70.27668 273.11315
8 -284.01255 45.74328 220.30425
19 -271.51452 83.29913 278.23738
18 -259.69608 -68.44870 322.85190
1 -229.49802 -2.86757 270.15077
9 -265.73581 50.66320 357.38221
10 -387.76172 9.08799 224.96316
9 -370.96373 -73.79505 220.34768
1 -381.34544 -92.26092 385.18514
2 -323.59157 -16.58516 233.72193
8 -265.32452 -43.26864 389.46811
8 -226.10681 -38.83859 233.29184
6 -324.91120 -28.85498 285.21032
3 -362.00376 -38.09822 366.17698
4 -241.42462 67.06410 280.90259
4 -291.88345 -97.38567 372.16632
7 -336.09008 81.61853 247.13907
1 -321.51808 -61.12969 238.55666
13 -390.35541 -54.82374 298.76173
3 -324.84692 -33.80494 378.26680
4 -395.24089 -5.82275 336.91742
0 -282.05133 94.53804 295.15216
3 -303.83258 71.13518 380.93483
25 -219.52726 -77.34827 213.96905
16 -259.65330 41.67755 312.94826
3 -294.50721 76.65562 340.40522
10 -288.58746 60.06120 380.69366
11 -233.37810 25.75288 386.37841
15 -384.42235 90.15288 239.35632
0 -262.40115 -88.74292 230.61794
6 -250.26892 39.13049 206.39921
7 -284.14311 -29.87314 322.57908
4 -203.45317 -40.31816 390.96100
13 -228.77533 -40.13567 260.37642
8 -326.05246 6.71496 377.57667
0 -298.83396 54.22902 247.68865
2 -229.85123 -26.60958 281.64822
3 -219.92151 15.84612 311.28678
12 -240.46278 -79.08097 251.20894
10 -272.58981 14.37463 249.29494
6 -270.41959 86.97212 210.54334
2 -325.09407 16.80894 345.45325
3 -384.04920 0.85355 315.19686
1 -339.26748 -94.49755 299.95836
13 -353.35779 58.47318 311.37748
6 -375.48805 53.49210 263.58614
4 -391.13283 44.17003 328.16842
2 -201.64016 -27.65167 326.33869
2 -371.36422 76.39240 338.53634
19 -230.38123 -91.58245 208.83826
2 -379.03827 -27.74376 217.23848
4 -228.30663 22.34505 336.61465
11 -216.13528 -1.87946 380.66286
5 -229.32887 60.19074 241.33384
8 -210.43796 -62.35629 312.71392
0 -295.37310 -15.45833 290.74553
10 -279.59066 57.30693 347.68031
4 -333.14680 -81.11943 251.30501
9 -361.36122 -26.52456 321.40453
0 -227.25430 -42.33438 380.04584
17 -360.68496 -8.76752 238.23992
2 -205.13933 40.24960 238.42260
6 -393.59038 50.68908 300.65168
18 -225.04697 80.61576 210.38481
4 -264.22697 -62.69467 366.63233
12 -207.55701 -6.95265 277.58974
3 -391.67788 -88.71001 288.97112
8 -346.95437 -69.30616 289.83056
3 -382.04683 51.63528 212.86692
1 -364.72808 36.74039 271.57050
3 -322.21072 1.24985 324.03274
0 -257.33472 92.01420 250.34114
2 -384.28349 31.83813 263.24638
1 -340.74011 4.45559 206.21524
0 -205.03295 -75.37604 376.52939
3 -209.59980 -90.16921 339.98884
6 -362.02199 19.41081 310.17188
0 -309.43637 -77.61566 312.99072
27 -239.92308 50.36992 207.61637
2 -301.63971 39.59283 323.00679
3 -270.73306 9.65568 306.40820
8 -221.02492 -69.82151 264.50093
2 -377.91874 -27.31612 233.29927
17 -349.47871 -66.91613 220.36296
20 -309.89697 -1.27386 294.83417
4 -317.03105 82.11197 344.88624
6 -385.11686 58.25839 248.18552
2 -240.94089 -4.93029 306.96757
12 -331.67841 -89.19459 221.02471
8 -356.45162 22.48004 253.17493
9 -248.18894 80.49286 378.03740
1 -364.02362 -53.06265 206.80739
0 -260.67260 30.72828 289.71525
4 -219.23249 -10.89815 334.43035
6 -378.41249 86.51861 212.25324
14 -380.31650 -37.05086 322.57906
8 -372.88396 -53.70694 373.54494
7 -206.74127 -55.19022 216.07798
8 -298.21203 51.67716 209.52824
0 -289.46808 -93.20724 326.76138
4 -347.42537 61.24344 272.19364
9 -279.55630 6.83781 368.20024
5 -299.96432 53.76792 290.78605
8 -241.11210 -93.21183 282.50377
0 -340.37445 -75.76052 334.82914
4 -335.66042 78.67918 273.64499
8 -312.02902 62.18549 256.98880
2 -328.65397 89.60958 323.00948
3 -214.33943 -23.60874 293.29902
0 -363.57324 -7.30000 386.94726
26 -223.91796 35.03538 354.89956
0 -239.16317 45.79911 327.58391
5 -391.64589 -75.33800 374.97757
4 -378.29992 -21.33901 361.74683
12 -315.44250 10.42523 220.95650
10 -310.88720 -72.16571 367.49861
16 -299.08780 -47.22053 205.45374
2 -280.87197 -32.36214 247.56035
5 -239.42343 28.69165 240.74033
0 -377.57267 23.58616 289.55598
12 -315.02508 -72.48587 279.92223
3 -251.99183 -55.11729 273.93443
6 -307.76922 -46.31688 242.16413
7 -240.13383 -71.27877 380.57745
2 -254.33318 -21.58867 387.81735
14 -388.13039 33.90894 385.96947
0 -276.80696 -71.76268 208.38047
6 -313.38970 -91.35767 347.75687
9 -233.69224 69.66553 227.48711
13 -289.12395 63.34725 312.71699
2 -249.60590 78.12469 259.35259
6 -212.46213 -61.48507 338.81985
14 -213.13411 -43.96674 369.57860
14 -357.91638 47.44435 372.21943
8 -206.22510 37.86945 265.50242
28 -309.20825 -85.71384 392.05978
2 -378.12477 93.06092 357.00703
0 -281.41360 53.88867 238.77756
0 -373.94244 12.90489 349.10863
5 -389.35833 -19.57722 257.83580
15 -314.40369 59.92027 346.26890
3 -351.81136 43.15539 242.34457
3 -209.73128 -87.67677 220.50111
7 -202.00693 -0.60662 204.87791
2 -308.97839 -37.63209 355.09361
14 -257.83668 -72.82889 337.73319
14 -238.54594 86.62389 279.31096
9 -238.24428 -43.86689 373.70890
7 -247.72949 -63.34536 213.49758
2 -304.35659 -43.42161 267.84494
0 -284.20277 -92.76027 220.92804
0 -386.22897 15.69536 203.24616
0 -373.33472 67.93393 304.66895
2 -237.91603 -91.92435 227.27982
3 -351.87662 66.95120 215.13566
4 -384.58442 -88.65291 229.04740
4 -257.38283 -16.30643 255.74884
2 -203.41981 -19.37120 390.65286
5 -314.73191 74.51479 376.99661
7 -265.07553 -15.10225 206.39405
10 -351.50324 49.66409 332.97766
15 -216.92780 7.64910 209.85783
13 -305.16423 50.56244 365.63125
9 -207.13776 -71.44707 290.58756
2 -224.61866 -4.75727 260.13319
0 -227.64604 -89.27145 384.54484
3 -209.92460 44.66263 232.83938
6 -207.00989 -58.17062 394.63679
7 -225.89559 57.27017 216.00100
9 -221.80481 6.36585 395.06549
24 -276.04803 87.90107 234.95873
15 -331.72884 72.48909 331.83859
4 -204.51562 8.96452 263.01594
2 -296.96811 91.26296 355.96101
2 -323.63300 -47.84617 306.96831
4 -204.74677 -10.94261 367.72769
7 -366.08634 35.19605 228.93842
3 -325.76446 -36.86816 349.84355
13 -228.89704 35.49033 208.52823
0 -298.05065 35.05038 355.82533
12 -214.34581 81.81222 363.96417
7 -373.41823 74.93803 252.83603
0 -274.41274 6.63080 228.95537
3 -268.87710 -77.92725 385.76439
4 -227.22192 -24.22198 255.26820
4 -341.85942 -43.34307 321.03664
0 -328.68369 79.96336 391.75634
4 -383.49657 -88.17820 325.90681
1 -247.50462 37.33966 223.90600
6 -269.44910 -54.15032 301.35476
5 -275.91475 59.40899 264.53445
0 -229.17785 25.52400 313.55859
14 -228.45203 -15.71474 223.77352
7 -341.94464 -55.18031 266.45741
0 -248.67090 98.37727 247.76260
2 -304.47917 -40.09417 397.11149
2 -246.15354 50.90410 384.73672
8 -301.55245 72.33519 349.40530
0 -336.39018 -47.29741 220.67498
9 -223.49095 -68.62937 230.89542
10 -228.25790 -8.61838 288.19334
10 -312.03058 89.16835 245.20874
2 -252.09030 70.73506 344.10617
4 -246.34225 -88.29082 334.34810
19 -250.94628 51.72653 223.43132
7 -317.89906 -1.48729 393.23191
2 -234.15709 -75.75397 203.28554
6 -375.74711 22.86382 235.89023
4 -394.09092 -40.09684 329.78992
7 -330.40700 -94.43156 252.92999
1 -271.40590 2.76379 262.42207
14 -292.98643 -17.03354 219.57157
22 -227.39074 -2.11643 367.86774
15 -387.57653 71.14161 323.89501
17 -353.22906 40.84126 286.88251
2 -329.85557 -35.62490 220.96256
14 -275.21281 -63.97735 218.65534
13 -227.12123 -22.79990 367.63813
15 -234.10003 4.12689 341.85099
0 -215.82915 62.37024 367.81734
3 -349.66255 75.60672 283.09354
2 -276.21397 -12.86765 325.36981
4 -262.31319 25.35478 274.05659
5 -349.78793 88.26998 381.19452
11 -220.13968 -50.05302 213.39660
4 -258.62462 -4.46222 207.49620
0 -389.58772 37.52896 214.83299
0 -206.54419 0.36576 226.50315
7 -248.24742 79.20761 317.50769
8 -204.65310 88.70440 336.44796
1 -333.00397 88.59377 293.46751
4 -220.97803 89.85392 247.13295
3 -347.99456 -8.80861 264.74665
4 -344.06083 -71.64626 361.96186
14 -227.21099 -69.51739 357.50092
2 -380.89428 88.02033 277.94406
0 -265.96782 48.69473 387.58297
2 -373.24878 92.03151 309.76123
2 -359.83431 -87.26215 302.61286
4 -254.25067 97.60221 275.97811
7 -349.90316 64.22509 258.13570
12 -274.65508 39.20623 275.77465
14 -253.77033 -85.94494 251.89809
7 -277.49879 68.42981 338.98419
1 -205.14869 43.99160 309.67757
5 -292.48461 2.39363 313.15481
1 -259.92586 20.03176 210.64955
2 -212.65021 65.75328 322.42618
0 -243.64521 -68.09977 316.48173
1 -205.28881 -10.15232 319.41595
7 -357.21863 44.25684 391.91639
2 -226.32125 -50.23606 340.63331
5 -352.21728 1.74033 321.81006
1 -337.68121 -68.10960 318.07611
16 -266.51195 -46.51419 366.99614
18 -335.27119 27.48593 354.17147
3 -312.41050 77.19776 272.43412
1 -382.47720 76.01971 232.15140
7 -298.00954 -96.56697 210.36372
3 -286.29471 -79.04004 366.51741
3 -215.47534 -6.09849 351.17669
1 -210.60780 27.54134 288.39411
2 -308.64877 -32.61435 263.03297
0 -262.49418 54.92589 201.89567
3 -300.24146 76.05668 233.00737
0 -278.21619 20.63486 204.06399
6 -251.05125 17.14115 279.62532
5 -203.39828 -42.28621 295.95970
3 -383.80370 -24.07006 334.77180
11 -327.45701 -24.71221 314.90167
8 -320.12732 25.14600 294.79091
1 -340.27284 94.19598 226.99556
8 -259.47375 -78.43683 296.21839
7 -245.93035 -38.90122 322.87260
0 -341.41664 -95.14712 342.62108
1 -307.01982 32.69965 272.58869
9 -215.93852 -24.20316 280.89252
1 -295.65118 47.89739 349.40422
0 -247.01471 -25.55824 306.02232
7 -337.77394 -63.54915 246.40390
3 -281.31486 -96.53858 267.90797
7 -254.15599 -70.10585 371.03578
4 -307.35669 18.76269 369.66086
4 -304.57448 7.70523 322.37533
4 -266.97466 -86.78384 288.30090
2 -382.55231 92.28268 331.89774
2 -367.74702 -90.78153 263.50413
6 -211.05339 9.77441 232.28595
9 -298.46431 86.06178 382.44400
