0 -389.97125 -67.48798 241.58189
0 -366.50607 -55.23298 203.73673
5 -357.65777 -87.98393 219.02016
6 -372.29526 -78.90239 226.52843
3 -352.47286 -62.35012 227.12432
2 -392.90526 -91.76798 226.25256
2 -364.99823 -91.66055 263.15194
6 -392.54311 -55.10799 296.31758
5 -356.85873 -88.68793 294.10366
4 -385.27887 -87.52299 292.50549
3 -354.45662 -75.54992 288.95673
0 -395.87852 -83.66233 254.87258
1 -353.97057 -64.42105 261.86826
6 -386.94246 -79.58901 322.21999
1 -390.16546 -52.62585 348.02790
11 -357.60970 -87.85322 303.92553
6 -377.08436 -57.43290 319.23518
1 -362.55630 -92.35550 335.84814
3 -379.96871 -64.37438 305.66663
7 -377.11244 -54.47189 368.21639
0 -387.36092 -91.65004 372.87333
1 -354.01508 -67.94436 362.88695
0 -369.70556 -63.39566 390.46127
1 -391.46293 -71.75764 378.51954
6 -386.94382 -25.11743 225.96705
4 -379.18063 -20.91719 242.50159
16 -381.39255 -21.80264 219.21049
13 -387.63188 -25.16588 204.93776
9 -360.12767 -14.56993 240.26373
1 -371.47788 -32.87441 237.64424
0 -363.83059 -46.66861 210.57381
0 -369.76198 -34.73745 229.26470
6 -385.58472 -23.00331 261.01869
1 -381.12704 -47.13030 288.69973
2 -354.05267 -11.32922 260.91762
0 -390.33824 -16.20673 287.10872
2 -367.20832 -28.06871 345.58098
2 -390.29561 -3.92982 327.66715
12 -361.58273 -22.13688 323.82979
6 -394.51040 -38.27778 330.73938
13 -377.97948 -39.06800 322.99455
2 -382.96713 -24.80395 334.08630
0 -362.76785 -40.64910 376.49308
4 -377.95260 -22.10649 362.09486
0 -364.12763 -10.62444 385.65434
1 -395.32663 -15.16110 390.69206
5 -370.41622 -40.32420 360.38238
0 -356.32351 38.75497 232.45708
12 -385.06209 42.87991 207.53633
18 -384.37538 20.39027 229.09052
6 -387.25632 17.17693 203.10204
2 -359.37319 16.57133 240.03728
0 -355.26189 15.95980 203.06179
5 -375.74518 29.68113 203.59686
0 -394.22972 29.47924 215.27366
8 -369.66774 37.44183 231.08054
1 -357.71146 36.93703 255.55673
2 -382.83315 22.98136 290.02213
3 -354.13872 42.59190 286.15524
4 -389.03360 25.25336 256.62128
9 -360.90412 32.85072 278.73370
6 -374.66640 34.32114 294.61826
5 -378.15528 39.99129 267.79353
2 -371.77448 14.15286 342.35209
11 -364.22078 18.02562 310.23124
2 -391.26959 47.51207 320.71844
4 -356.07945 40.99278 323.38255
5 -390.96120 37.39492 331.87939
4 -380.67552 3.84222 312.15494
1 -354.49135 3.61901 322.54931
8 -362.62328 42.42682 367.27367
1 -381.89962 6.89035 375.11029
3 -372.59677 36.63101 375.16557
6 -357.88834 44.32411 390.92063
2 -395.64281 35.11582 392.93853
3 -391.98724 39.19176 355.51415
4 -386.15311 7.48667 356.70675
6 -383.09134 33.46292 382.27337
0 -368.47035 18.30725 359.94778
0 -364.77341 55.81129 216.27866
1 -382.12631 75.94935 233.36979
15 -377.86939 84.17511 212.37499
0 -392.10595 57.06095 217.60296
10 -385.20531 90.21591 239.91746
10 -363.68491 76.32603 231.35347
1 -385.56216 58.92569 239.13516
1 -355.78670 61.90656 279.39905
9 -390.09690 92.64251 269.83359
1 -380.24914 55.74389 287.40213
12 -369.81370 57.33218 268.32245
3 -353.49694 62.51925 256.38382
3 -379.48297 65.46324 259.55673
0 -363.61939 81.38705 286.22327
0 -388.77165 53.04376 306.98749
2 -354.95432 88.32819 320.28184
4 -367.51595 62.16260 307.31478
0 -372.99988 51.97532 332.97490
17 -388.24903 68.75780 323.90462
0 -372.70366 91.90758 309.74131
3 -353.26369 58.49319 319.56617
2 -380.43817 84.86832 335.82736
2 -377.23843 92.81697 358.04721
8 -357.65997 56.62959 384.24729
5 -374.05432 65.15061 357.69057
0 -398.49325 76.09715 395.10620
5 -356.03086 74.59248 367.42976
0 -392.17160 91.53305 374.15184
